20
u500_00
 obj=   199   1
241 266 
147 177 
156 42 
173 56 
365 153 
100 445 
248 110 
68 26 
329 192 
416 209 
20 149 
250 341 
83 2 
112 176 
363 398 
125 101 
283 340 
11 80 
221 478 
95 189 
124 225 
75 117 127 261 
118 210 403 327 
433 40 84 63 
129 240 317 59 
185 348 424 466 27 
182 106 
471 284 
351 336 
109 104 
48 255 
4 3 
383 205 
62 308 439 64 
34 207 387 
429 311 419 463 
91 290 
486 390 46 
107 493 146 
318 272 
302 150 
338 242 
364 454 
366 370 
14 216 470 357 
99 440 278 
174 238 138 
77 195 
237 121 299 
51 139 239 10 
257 45 249 355 449 
71 219 
346 204 
360 339 384 382 
496 378 
67 211 
135 115 
362 206 
347 331 21 477 
262 371 
120 141 
102 476 8 
178 18 273 
253 406 
81 86 
140 368 152 
105 335 
259 482 392 108 328 60 
232 462 9 160 
144 286 
15 111 
269 349 
294 131 
326 484 
293 472 354 
320 498 215 265 
58 76 260 
50 444 281 
90 279 415 395 319 
85 169 
499 270 
289 258 
375 190 
184 142 
187 479 19 254 
148 137 208 409 
487 447 
437 267 
158 285 
356 333 
61 29 
201 413 452 
53 198 
324 316 467 275 
218 459 
16 37 
74 165 
202 55 
17 66 
89 367 
114 460 
427 256 
247 159 96 426 
186 179 
133 54 
309 233 442 
78 1 
381 422 119 276 
188 229 
0 33 116 113 
434 423 
397 386 
393 330 
334 485 
5 92 
350 264 
103 443 
337 389 480 246 
196 93 
212 39 
236 97 
122 31 
88 243 374 143 
32 298 126 
303 296 488 
43 154 
292 421 
73 13 
313 175 448 
277 194 
223 130 
481 353 361 
412 213 
282 458 
87 379 369 
305 72 358 163 
69 404 
343 428 473 
497 214 
376 438 
82 30 
396 474 
65 191 325 12 
287 167 
310 492 400 
274 193 
359 469 414 430 315 489 
172 132 
263 123 
300 465 
203 252 
79 234 
244 425 228 
155 457 
411 475 
407 297 49 183 57 
230 312 
323 307 391 38 
145 245 
6 47 181 7 
44 25 
494 23 
235 128 
22 151 
36 157 490 
431 446 
435 170 332 
166 162 
52 436 
401 227 
432 417 
455 408 
451 180 441 134 
342 291 
94 453 
399 483 197 
344 491 
377 295 
171 394 
271 464 468 
385 322 220 
352 410 
301 402 268 
373 345 
314 461 
304 456 
380 288 
161 306 136 251 
200 231 
226 35 280 
495 168 224 
164 41 
222 24 
450 217 
28 
70 405 
418 388 
372 98 420 
321 199 
u500_01
 obj=   202   1
460 427 
73 28 
479 378 
175 158 
483 344 
266 166 
290 331 
464 337 
416 17 
208 288 
320 340 
389 385 
121 285 
37 363 
110 488 
357 276 
218 366 
240 70 
323 99 
177 150 
368 412 
71 35 
345 438 
392 470 213 
262 307 16 261 
141 309 18 165 211 
216 63 
382 148 
265 292 
484 381 
103 40 
123 138 
402 264 
220 102 
446 20 91 77 
43 155 419 497 170 
308 202 
468 429 
192 39 232 417 384 
24 184 287 
476 406 443 487 243 
456 179 
200 124 
214 433 
312 253 
34 46 
128 194 
75 172 250 95 
304 317 
302 180 
26 3 
336 318 
428 56 263 272 422 
228 108 
322 401 
137 198 394 489 
248 251 
369 153 
188 252 
10 186 
486 452 461 
223 297 
450 324 439 
212 7 
424 398 
25 31 
36 146 
169 76 239 
319 159 255 327 
316 306 432 259 
93 465 
400 346 
140 485 458 315 
114 129 
105 62 
191 294 
222 119 
2 9 
78 260 
164 125 299 176 
300 325 101 449 217 298 
370 423 
351 435 455 376 
447 196 491 283 
393 61 387 226 
397 426 55 
204 257 454 
373 118 355 
254 133 
29 244 271 14 
58 92 
107 275 
94 67 
242 131 
87 163 230 
134 8 
23 59 
282 229 
80 310 273 462 
160 295 
492 120 185 358 48 
353 256 
116 193 
440 1 151 69 
469 81 154 480 
293 303 
72 267 
60 135 
12 268 
51 203 
205 499 
65 380 284 
209 431 498 197 
190 246 
27 6 
395 473 
79 237 
178 362 21 89 
4 33 
41 162 280 44 
466 321 
359 463 
224 415 
328 444 
139 383 19 117 
301 448 
386 235 
113 234 
377 84 
52 47 
0 22 
388 453 
50 30 
144 42 
53 420 
225 168 
173 258 
478 326 
494 210 
126 396 149 109 
199 269 182 201 
289 66 441 
241 85 
352 367 112 
296 374 
181 161 
145 98 
471 348 
147 115 
68 127 
15 189 
457 495 403 291 
236 430 
122 86 
90 233 
38 286 206 219 49 
413 338 227 
477 437 
364 57 
408 5 330 
238 311 
467 130 475 314 64 
341 335 
472 451 409 
278 104 
221 343 45 
411 152 
418 356 100 
247 434 
132 106 360 
111 88 
195 274 
156 332 
157 347 
442 425 249 
136 82 
493 421 
313 459 
339 490 
13 97 
187 54 
143 399 
390 496 
305 277 350 
445 281 
379 334 
481 391 
342 74 
436 375 
407 361 
96 354 231 
245 183 
215 83 
365 279 
372 333 
405 482 
410 349 
207 474 
142 329 11 32 
171 
404 167 270 
174 371 414 
u500_02
 obj=   203   1
377 481 
186 5 
119 236 
62 157 
260 56 
458 472 196 
468 493 351 389 
69 133 311 48 
99 306 338 32 
343 264 
187 138 
25 67 
249 362 
279 346 
385 155 296 
247 431 
422 17 182 
314 326 
36 174 205 161 
43 92 
105 141 
408 144 
328 197 
425 248 
497 407 
450 195 
278 226 
76 137 
444 310 
170 110 
143 177 
125 49 
386 439 
499 2 387 
27 0 
372 418 
335 313 
281 234 
116 93 
75 96 
129 323 292 122 85 
88 243 
132 23 
203 18 
350 235 
158 409 
123 16 
333 118 393 114 164 258 369 
218 22 
33 214 
321 285 
15 103 
399 436 175 394 473 97 
12 4 
449 42 406 
154 332 
382 456 
405 265 
124 396 490 13 
11 149 283 201 
240 375 
66 46 
255 352 470 9 
360 429 
52 217 
104 8 
58 112 
26 53 
494 477 340 443 
156 136 
286 111 
80 228 
3 253 
179 183 
485 229 202 
221 152 
327 185 
263 207 
354 455 
193 71 
140 331 
89 106 
34 31 
339 51 
412 359 383 
224 130 
101 322 345 416 
315 342 50 139 
113 239 
391 222 
305 378 
293 471 181 
252 367 325 259 
397 448 
266 168 355 430 
102 254 
462 400 
403 419 47 
440 353 
220 215 
384 392 
465 435 
270 184 
426 312 
277 401 
14 38 
223 126 
241 492 438 
489 341 374 142 261 
127 171 
59 7 
54 81 
147 19 28 
307 317 
273 301 
167 434 151 
55 162 
163 225 
6 45 
483 459 357 211 
165 63 
324 476 
381 192 
237 302 
35 98 
304 153 
90 39 
166 256 
413 417 169 467 
95 453 433 
117 451 410 319 160 
178 272 
290 370 
135 145 275 86 364 
198 82 
480 87 487 466 
291 479 
148 213 368 200 
309 454 
41 423 219 
268 172 
371 74 402 
289 77 
65 61 
120 60 
227 210 
269 150 
244 10 128 37 
20 57 
347 1 121 64 
115 491 
72 68 
288 231 
232 437 257 344 496 
30 287 308 100 
336 376 
204 230 
452 109 300 
271 414 
245 189 
190 299 
84 70 
329 461 
447 424 246 
209 349 199 
282 280 
206 146 
318 180 
428 78 108 24 
358 262 474 
94 131 176 173 
334 250 
464 441 
21 267 
316 91 427 
298 398 
242 297 
463 475 
478 445 
366 363 
442 421 495 
44 29 379 
330 73 134 
216 457 188 
40 337 
303 233 
294 390 
488 482 
446 191 276 
420 373 
274 388 
469 284 159 
460 356 
208 295 
212 348 
484 79 
361 380 
415 365 
486 320 
395 498 
251 411 432 
107 404 83 238 
194 
u500_03
 obj=   205   1
262 424 
80 74 
292 168 
326 281 
91 119 
120 152 
436 53 
200 154 
328 221 
490 301 
77 171 
188 172 
404 274 
298 163 
54 62 
412 378 
236 55 
90 101 
23 39 
187 194 
343 217 
453 253 
1 225 400 176 
351 432 128 173 
45 143 359 13 
185 293 367 133 
469 146 321 382 131 394 193 
324 72 287 
460 112 
257 387 134 325 247 
427 206 459 
127 339 
58 207 
275 388 319 413 109 
226 118 
357 242 
449 421 
18 36 
130 157 
132 191 
232 475 498 
95 159 205 28 
151 491 
306 202 
249 106 
87 189 
381 383 285 372 
252 254 
66 248 
415 296 
165 209 
17 138 
258 246 
348 283 499 
484 374 
230 373 
470 235 409 201 
493 228 349 69 43 
362 288 
353 19 104 49 
63 110 
272 369 
148 486 
153 428 403 
333 203 430 
494 334 354 397 
97 123 
99 139 
408 135 302 40 
16 8 
76 12 
196 273 
184 346 
467 41 111 488 
38 27 
462 331 61 297 260 126 
192 391 137 82 
440 162 124 
278 375 94 107 
78 25 
340 386 
102 115 
30 89 
46 175 
316 190 
336 197 
71 160 318 86 
70 211 
9 44 
11 83 
161 67 
177 224 
183 3 
33 22 
166 245 
422 448 435 
223 145 
261 238 
75 59 
195 103 
96 92 
79 98 
315 307 
377 464 
213 240 
395 442 
473 140 345 
88 234 
264 149 
304 495 
108 329 
313 429 
330 457 231 
450 423 
434 280 
347 420 279 
305 385 174 29 
437 323 
476 10 458 
480 276 
239 219 368 
496 441 215 294 338 180 
220 433 147 376 117 
56 114 
57 5 
48 15 
284 401 
371 204 
417 164 463 
122 167 186 267 198 
425 269 
208 289 
182 314 
20 21 
216 268 
26 42 
158 14 
310 389 454 335 
237 227 
370 255 
144 295 
222 481 
263 311 
35 251 291 361 
73 31 
300 419 
406 327 
81 68 
379 443 
402 243 
358 342 
259 309 
472 492 
50 32 
121 113 
466 199 355 6 
290 178 
65 116 
47 37 
142 100 
2 0 
308 169 
64 141 
125 156 
210 51 447 244 
455 214 150 
24 52 
485 241 105 
136 218 
487 34 312 
405 322 
350 181 
332 468 
229 299 
452 366 
439 352 
451 418 
438 250 
341 478 
233 303 
479 84 
129 416 410 
170 411 356 446 
471 497 
407 155 392 
364 483 
426 474 
286 414 
465 390 
265 60 
445 4 
393 363 
489 282 
477 431 
271 317 344 
212 482 
384 399 365 
398 396 
270 179 
85 256 
277 266 
461 444 
93 456 320 
7 337 380 
360 
u500_04
 obj=   207   1
53 134 
361 342 
224 48 
10 80 
82 123 
233 122 
55 182 
136 220 
363 312 
98 20 
171 188 
173 417 
191 477 
51 11 
32 46 
403 234 
475 309 
112 183 
135 201 
398 426 
37 209 
68 17 
6 67 
176 223 
444 251 396 56 
482 132 394 160 
258 380 341 404 226 
331 237 
448 59 
78 170 
177 303 
57 418 4 399 
207 75 
350 351 
16 107 238 69 
416 194 
18 159 25 148 
317 193 498 
470 287 
105 208 
129 34 
28 94 
87 483 356 
273 115 
15 38 
91 370 
218 22 
150 29 
268 305 
121 181 
412 246 
473 245 
30 61 
409 437 348 
153 163 
324 202 
329 436 
137 371 
97 7 
327 455 346 196 
360 161 471 
41 8 
336 89 
499 345 
425 284 
373 117 
139 73 322 414 440 
88 5 
282 435 47 368 
102 39 
300 152 
110 74 
491 52 
85 99 
66 131 
313 395 
464 352 71 138 23 
3 175 
31 494 456 252 467 
250 255 
497 364 
275 36 481 
442 257 379 33 
480 166 
157 113 
213 229 267 290 
423 283 
400 217 13 432 
291 197 
476 141 
262 311 
376 239 
244 334 
240 343 158 
461 269 
198 232 
93 289 174 271 462 
358 449 
278 315 
90 24 
187 222 
338 320 297 167 421 
265 391 2 12 
447 172 310 
490 374 469 308 
319 479 
415 45 487 
156 302 
162 43 
190 369 147 143 
285 77 
270 367 457 200 
357 392 
264 185 
384 124 
431 76 429 306 411 248 
19 119 
130 109 
108 286 151 389 
60 307 434 164 
35 14 
339 214 
127 92 
225 321 
260 496 21 133 
27 40 
114 247 62 388 228 
235 296 
288 332 
349 26 
292 106 
155 120 
413 366 365 
186 468 256 
295 277 463 443 
279 86 
445 472 
145 204 
335 210 314 
58 103 
49 144 
236 347 
212 215 
205 221 
165 299 
340 272 
259 195 
169 438 125 
154 178 
101 419 42 
354 408 
378 454 
140 149 
316 301 433 79 
293 180 
50 142 
326 189 
1 118 
126 206 
333 266 
294 280 249 
451 100 199 219 
54 128 
96 0 
9 44 
241 211 
70 402 
84 427 
478 397 
406 359 
72 104 
64 184 
179 230 
439 484 81 422 
337 328 
111 441 
146 325 
355 486 
216 168 
242 410 420 
453 485 
466 474 
450 430 
387 428 
377 276 
83 63 95 
385 401 
362 353 
390 460 
116 330 
459 386 
405 65 
281 372 
323 383 
192 424 
492 381 
261 493 
254 495 
227 318 
263 243 393 
407 231 
253 304 
465 
344 203 
375 298 
488 274 458 446 489 
382 452 
u500_05
 obj=   206   0
28 355 
27 13 
129 124 
206 174 
220 352 
457 439 
138 166 
239 228 
275 247 
296 309 
315 452 
24 60 
77 118 
441 179 
444 229 
498 324 
59 46 
246 58 
272 107 
292 162 
379 232 
494 499 
26 45 
80 121 
81 152 
83 180 
147 213 
188 261 
189 307 
210 322 
354 411 
21 175 
38 197 
479 223 
135 68 
237 209 
250 377 
290 387 
98 145 
154 158 
171 221 
172 224 
186 245 
308 342 
326 410 
36 34 
257 97 
358 456 
43 30 
69 88 
70 163 
284 191 
47 3 
65 52 
438 393 
0 49 
96 270 
150 289 
273 397 
277 431 
86 164 
40 29 
72 67 
126 134 
156 269 
477 391 
63 100 
371 161 
447 233 
472 243 
64 108 
102 225 
112 299 
173 370 
177 448 
301 258 
320 428 
375 481 
37 82 
105 192 
199 278 
216 350 
248 15 22 
345 373 104 
367 23 103 
19 1 
159 9 
235 369 
282 460 
293 487 
337 178 117 
378 211 140 
396 420 182 
437 92 
11 55 
90 91 
195 234 
260 424 
283 454 
54 109 
362 222 
418 130 
56 279 
449 475 
484 476 93 
332 41 137 76 
87 148 414 16 
267 111 219 430 
131 327 356 287 
453 10 120 132 
51 183 276 294 
212 366 409 401 
4 113 407 142 
455 84 271 17 
461 194 254 33 
218 330 18 185 
291 346 286 360 176 
252 353 149 390 32 
458 253 123 227 385 
240 184 333 73 236 266 
398 170 357 426 363 482 313 
57 200 
433 288 
440 392 
386 384 
167 198 
280 127 
265 381 
376 160 
285 35 
193 14 
383 413 50 75 
114 364 
412 242 
217 110 
139 151 
125 95 
241 365 
205 421 62 7 
89 85 
304 402 
61 115 
155 295 
214 403 
146 143 
230 423 488 317 
144 12 
204 136 
181 39 
215 203 
165 157 
141 6 
316 394 
238 372 
116 471 312 196 321 
53 300 399 432 
244 318 8 446 
348 251 
231 334 
311 310 
497 122 
153 169 
74 190 
306 340 262 351 445 106 
325 48 
468 20 
343 443 
207 419 492 429 259 
79 395 
493 341 
451 226 101 
128 489 491 
459 389 
274 442 
335 469 201 331 
344 417 
202 42 388 478 
483 119 
44 133 
404 31 323 281 
349 473 
297 256 485 336 
474 71 
255 314 305 168 
329 486 
339 78 
338 382 495 465 
422 400 
249 361 
450 464 
415 463 
406 264 
328 298 
5 66 302 208 
434 425 
496 368 
480 359 
374 427 
462 187 
99 467 
380 268 490 436 
416 303 
319 2 
347 466 
405 94 435 263 
408 470 25 
u500_06
 obj=   208   1
57 390 
60 405 
135 402 
228 447 
147 119 
243 131 
289 202 
456 242 
432 121 
140 125 
86 186 
320 369 
414 316 
27 193 
168 111 
393 11 
159 107 
179 54 
286 133 
418 454 
264 65 
155 205 
324 277 
158 342 407 13 
50 218 484 15 
47 138 
177 129 
455 360 
61 249 
79 39 
326 40 
389 295 421 272 
112 288 438 
66 381 97 
103 137 287 127 
53 128 
273 296 391 338 
304 472 
170 42 
150 25 
230 116 
80 90 
498 413 
197 84 
114 69 
115 436 
134 357 
153 495 400 154 
7 165 
175 252 
496 463 
373 352 
474 203 92 
132 171 200 397 
149 303 182 271 
368 453 148 206 384 
105 284 145 108 462 
33 0 
461 156 330 49 
190 46 
430 322 
4 17 
298 404 238 
251 449 
6 23 
308 176 
195 143 
358 481 
388 31 334 43 
439 167 
44 32 
59 246 
250 279 
110 248 
161 437 72 
3 76 
223 113 
34 219 
188 106 
16 403 470 
263 341 
280 475 
14 26 
173 96 
41 18 
311 321 
276 382 
427 458 189 12 
267 104 
74 198 169 319 307 
378 227 
22 63 
339 383 
55 73 
233 151 
467 254 
196 440 
215 310 328 491 
62 468 
434 424 
464 343 385 344 
95 91 
261 274 
488 476 392 
489 415 351 
222 282 89 
75 85 
255 314 
247 305 
499 64 36 
379 420 20 144 
253 387 
93 217 
30 220 45 221 386 
374 473 
487 365 
416 201 366 333 141 
257 240 
71 67 
375 423 
82 19 
28 83 
367 451 
364 335 
377 235 126 
58 160 431 
209 309 
37 101 
283 213 
428 237 
81 123 
245 258 
199 122 
317 48 478 
102 422 490 
469 327 306 
163 406 
325 399 191 492 
299 211 
212 29 
51 426 78 157 
291 256 
285 166 
259 349 
120 1 
130 234 398 
409 139 
301 395 459 8 
21 5 
77 269 
294 362 
401 297 
340 380 192 
444 152 
332 117 56 162 
315 174 361 
236 164 
194 142 
466 331 
260 146 
180 210 281 
480 441 425 450 
183 225 
214 292 
442 232 
460 347 
216 187 
337 24 109 178 
35 52 
239 224 
70 9 
2 10 
87 266 
226 348 
350 278 
408 329 
99 318 
363 479 
356 346 
181 290 
313 376 
118 207 
354 323 
412 394 
448 370 483 482 
231 355 465 
336 494 
359 265 
312 371 446 
229 100 
429 184 
443 417 
486 493 
497 435 
244 262 
485 268 
241 445 
302 208 136 185 293 
300 372 
477 457 
124 172 
419 270 
275 353 
411 38 396 
88 204 
345 471 
452 98 433 
94 410 68 
u500_07
 obj=   206   2
124 170 
129 323 
23 239 
123 324 
151 355 
337 288 
93 106 
315 275 
45 78 
82 130 
281 257 
447 310 
34 343 
39 394 
386 105 
469 383 
5 174 
53 146 
67 156 
441 297 
483 348 
467 272 
139 145 
473 453 189 
492 6 26 
252 415 
71 322 
498 85 11 
43 66 
422 479 
456 138 290 33 
169 385 88 137 
409 224 
29 35 
229 153 279 191 
144 488 314 294 
391 50 381 476 
298 158 
325 460 
10 0 
127 444 
335 472 237 285 175 
404 425 
155 148 
307 150 
489 481 
327 277 
273 181 
100 97 
417 402 89 
300 253 
332 103 
178 437 
255 464 
316 259 
309 262 
405 84 108 
215 379 
221 413 
431 270 
359 416 68 96 
186 167 
296 80 
183 14 
344 25 454 361 
499 432 
293 486 234 304 83 
362 197 
384 188 
149 201 
36 18 
434 305 
347 363 497 
302 356 185 424 246 
204 8 
289 346 58 
109 216 
458 491 236 287 162 
245 182 
393 31 376 132 143 
397 474 79 44 220 
42 21 
214 349 
74 227 
242 180 
421 395 461 166 
487 95 91 
232 427 
115 135 
452 430 
478 459 219 
28 70 
1 207 
278 173 
392 200 
443 358 63 101 
202 321 
411 163 
24 61 
30 65 
213 480 
244 372 
118 54 
258 353 
470 399 
342 466 
367 408 
423 171 
141 251 286 187 317 
104 140 
313 306 120 
260 22 
396 98 
357 390 
271 60 
72 164 401 112 
15 209 16 12 
147 222 
211 439 
205 338 
190 326 345 
241 493 
218 418 366 
292 131 
136 341 
238 371 
311 465 
195 206 
433 398 73 
126 331 
168 333 
485 380 
157 312 
9 203 
482 475 301 
20 94 
102 243 
340 13 51 
276 56 
27 75 
435 282 
268 328 
267 47 117 17 
247 407 
477 249 
495 360 410 
193 429 490 
369 256 
250 231 370 
77 121 
455 212 308 125 
4 38 
64 110 
210 111 
122 364 
114 378 
373 291 
463 225 269 172 254 
69 198 
426 230 
440 19 134 442 
41 40 
37 165 
462 119 
451 49 365 87 
92 159 388 
154 428 412 7 113 
295 52 2 62 
86 319 55 142 266 32 
152 233 
350 81 57 
90 177 
303 330 
217 176 
128 59 
3 265 
99 283 
450 420 
107 133 248 334 
192 374 
468 494 
46 375 
354 419 
194 446 
76 403 
299 339 
449 438 
457 484 
445 228 
406 160 
448 382 
179 320 280 
161 414 336 
389 352 
48 400 
184 223 240 
226 264 
274 329 
263 496 
235 368 
471 
318 284 
261 351 
208 196 
436 116 387 
377 199 
u500_08
 obj=   197   1
373 261 
480 336 
99 77 
456 333 
145 55 
308 131 
31 27 
84 255 
112 266 
180 351 
216 476 
73 251 
444 411 
166 470 
267 213 
129 419 29 25 
450 10 188 337 149 
107 297 463 72 94 
364 66 160 264 104 
210 291 
303 239 
262 499 452 
429 111 
358 123 
165 263 372 103 
474 274 
448 197 433 
17 60 
56 277 
240 422 310 
442 152 5 172 
367 70 
232 407 
79 316 
357 272 
44 113 
114 212 
41 76 
425 153 211 
182 252 
331 40 293 
439 344 
368 241 287 282 
355 401 189 
353 245 7 289 434 
437 270 235 179 
295 410 75 171 
223 488 221 347 288 206 
26 218 
108 177 301 2 
226 313 
486 50 117 48 
187 286 
348 494 91 199 
86 362 
449 473 146 52 
138 159 
143 51 
496 279 314 24 
168 312 
80 69 
394 326 
98 140 
215 467 
54 204 311 148 
399 382 
462 322 
338 339 
116 151 
122 13 
43 185 
121 457 225 345 
190 181 
81 141 227 16 
96 305 
393 421 
201 384 469 22 
130 53 
349 492 195 
18 35 
57 346 391 109 
309 230 
161 157 
132 214 304 395 150 
493 139 126 
224 431 383 
481 82 34 
156 200 
242 396 
93 248 
485 381 58 
133 370 
408 155 334 
489 400 
45 233 
203 158 
354 193 
363 178 468 
369 259 
20 100 
28 49 
483 352 
102 176 
12 115 
39 209 
461 105 169 406 
120 335 
256 260 
265 253 
183 283 
198 438 
300 302 
21 88 
329 78 
392 83 
135 46 
445 388 110 
173 323 
32 317 361 23 
466 273 
59 106 
38 128 
290 390 451 134 
144 389 
257 378 
67 208 306 47 
325 6 
19 42 
441 319 97 
426 275 298 
276 318 191 269 36 
471 119 142 
328 229 228 196 
296 71 
497 90 154 14 
324 174 
15 74 
440 403 
8 0 
1 207 
472 280 
163 137 
65 147 397 430 
37 118 220 281 
236 340 
285 284 
164 417 205 136 
184 250 
321 377 498 186 
320 238 
359 415 
64 217 
475 342 33 
63 4 
202 487 
416 402 85 
170 87 
409 455 
68 219 
385 62 374 418 
387 350 315 
124 61 234 423 222 
11 3 
327 453 
360 398 
464 424 
89 101 
380 9 175 30 
427 278 
413 243 
246 167 
478 307 
420 479 
254 458 379 
299 465 
454 495 
247 271 
414 341 
95 447 443 
244 386 258 
237 446 
490 356 
428 435 
436 231 
268 92 
459 477 
366 412 
491 194 192 
292 162 432 
125 484 
365 371 
343 376 
127 
249 482 
405 375 
404 330 460 
332 294 
u500_09
 obj=   202   0
102 143 
147 149 
427 317 
450 339 
36 94 
220 486 
142 126 
159 267 
326 493 
110 207 
305 239 
437 328 
42 194 
73 256 
95 396 
119 444 
34 101 
177 120 
334 259 
428 448 
453 481 
167 1 
414 385 
139 53 
100 252 
35 17 
262 310 
75 197 
86 250 
333 447 
180 54 
389 303 
6 2 
74 70 
179 370 
272 114 
476 155 
255 306 
409 446 19 
479 274 471 210 
292 332 9 67 
72 124 253 92 97 
295 152 319 402 113 
7 3 
455 304 
55 241 
393 165 
449 98 
361 348 
381 308 221 134 
231 378 294 391 
298 394 181 85 
166 127 
200 410 
340 29 
451 320 
24 286 
244 146 
218 485 405 171 150 59 419 
313 377 88 
464 463 
254 388 
284 382 
457 322 
63 71 
411 260 30 58 
243 213 
183 246 
412 492 13 
22 107 
28 56 
278 282 
196 203 15 
136 263 
422 291 
77 25 
264 441 324 277 465 392 
349 178 325 364 
48 257 458 61 
350 41 251 130 
185 174 
293 352 
105 216 
47 135 
214 198 
111 211 80 
367 383 240 273 418 
401 365 497 
162 354 184 
106 275 
182 118 
144 137 
222 66 
45 192 297 90 
69 78 
424 109 8 
237 108 
81 5 
148 362 436 
39 10 
23 269 
338 154 
238 397 153 
236 342 369 
26 133 
431 99 225 206 432 
173 234 327 199 21 
461 495 132 
343 299 
27 488 
467 452 
193 163 
89 355 
290 226 
187 215 
104 172 
84 395 
380 287 
270 415 
311 205 
37 189 
202 346 
375 83 
195 314 
330 454 484 
276 50 
43 336 
285 390 
445 487 
406 496 
261 434 201 103 112 
478 429 186 
469 475 359 
425 235 
439 474 
18 480 351 
312 323 
65 145 
417 302 
266 423 
470 468 
11 64 
115 96 
209 123 
258 204 
52 33 
175 387 360 
151 413 
0 157 
280 289 128 
321 482 
318 82 219 190 
49 4 
379 87 212 248 91 
176 79 
281 233 376 46 
12 331 
169 456 
160 140 
386 499 158 16 
398 32 
227 363 
76 372 117 358 420 138 
416 265 40 
125 93 249 344 
31 44 
271 51 
347 442 
433 188 371 14 
62 20 
335 426 
224 483 438 
307 400 
296 57 
245 472 460 
407 60 
131 490 
477 341 
373 462 
288 329 
217 116 223 
156 356 
435 494 
366 161 230 337 
443 300 
368 408 
315 459 191 
498 38 
242 345 403 
232 283 208 
399 430 
68 229 228 
357 384 
473 374 
353 268 404 
170 301 
122 466 
440 491 
316 489 168 141 
247 121 
164 279 
309 421 129 
u500_10
 obj=   200   0
67 36 
235 348 
341 354 
446 202 
206 103 
118 239 
428 373 
371 275 
270 189 
231 131 
356 163 
182 102 
198 134 
210 264 
34 78 
215 353 
260 483 
27 14 
258 322 
147 172 
468 318 
73 97 
201 273 
287 280 
327 339 
40 53 
25 57 
79 106 
243 262 
297 408 
1 15 
247 50 
267 253 
113 393 104 80 
425 166 271 159 
110 282 391 439 
399 491 194 251 
302 437 456 108 481 26 
28 5 
145 372 46 171 
55 70 
123 116 
396 427 
176 244 296 237 369 238 
334 477 490 
314 64 221 375 
432 385 464 
149 300 362 52 489 
219 295 440 122 151 
137 480 384 81 
434 170 
476 421 
61 162 413 441 119 
430 276 
224 310 11 35 
29 20 
304 265 
90 94 
257 216 
24 93 
10 84 
98 186 
249 459 
355 156 
193 218 
160 352 448 0 
246 269 367 
420 387 
397 211 
278 266 
49 330 
154 179 
495 403 429 
207 313 
294 13 71 8 
473 478 
255 406 
472 309 
335 114 
324 100 
223 153 
245 466 
85 112 
284 234 
445 130 416 497 
17 22 
281 398 
494 382 
47 74 127 72 
311 315 240 169 433 
378 418 203 
395 9 121 
482 146 
140 331 
181 419 
107 178 
460 383 
470 379 187 
338 225 449 479 
414 365 
254 165 
344 19 65 392 
51 89 
117 120 
285 488 
48 109 
454 54 332 45 
125 152 
364 286 
410 222 268 18 
200 370 452 105 
43 126 301 68 
325 3 101 229 32 
124 144 
167 183 
415 180 380 58 168 
173 438 
388 492 228 394 461 400 
306 457 
366 128 455 337 
87 303 
96 83 
141 155 
290 188 
217 401 390 484 
336 283 
143 164 
242 404 
377 363 411 
150 250 
226 274 
443 442 
232 86 328 493 213 
195 208 
444 256 
133 209 
320 175 462 
132 498 
204 12 288 
299 350 
99 307 
184 77 
39 16 
158 185 
33 174 
205 323 
422 129 
177 241 
42 6 
76 261 
30 161 
230 305 
95 111 
345 252 
41 66 
424 436 
142 136 
21 62 
447 236 88 349 
38 2 
227 326 
329 138 
405 293 
91 44 
59 69 
31 23 
474 453 63 
192 148 
37 60 
374 361 
347 359 
368 417 409 
4 263 
343 346 
308 465 
82 376 
75 190 402 
259 485 
475 233 463 
412 135 
360 319 199 
115 7 
499 220 386 423 
56 381 487 
340 317 272 316 
351 471 
214 357 
191 291 196 
358 450 
248 139 
431 277 
157 342 
212 289 
333 292 469 
451 467 
458 298 321 
486 197 
426 312 92 
496 389 
407 435 279 
u500_11
 obj=   201   1
96 388 
178 490 
397 97 
497 393 
434 203 
84 3 
270 453 
148 286 
193 194 
297 385 
162 81 
306 242 
26 13 
79 27 
260 370 
353 419 
94 103 
357 235 
360 287 
57 477 
144 180 
58 56 
2 7 
276 316 
174 248 
328 249 
136 231 
232 422 
187 34 
448 294 
1 107 
52 189 
172 257 
49 106 
352 102 234 170 
150 314 440 41 
206 264 404 71 
318 418 66 35 
61 188 282 87 
281 141 149 36 
471 161 266 403 88 
268 350 401 73 
340 258 
210 358 
354 436 
256 245 
190 348 
301 336 
408 398 
424 465 120 86 
167 241 325 24 
269 92 
43 53 
359 455 457 
110 225 
343 237 
129 12 
157 64 
362 391 
117 17 
466 344 
319 323 
279 209 
303 441 
356 10 183 62 
365 320 
135 239 
151 375 
272 202 
205 384 
261 456 109 121 
331 483 
29 116 
105 44 
219 9 
213 410 
78 186 
158 159 
215 197 
216 184 499 76 201 274 
366 454 125 290 
192 317 
390 265 254 
75 40 
307 63 
90 291 
55 218 332 137 
95 123 223 
85 14 
198 406 443 295 
298 415 
479 400 
100 208 
372 475 
252 145 
288 339 
173 460 
341 104 
182 333 77 382 23 
113 22 
33 442 
171 98 
435 221 50 
498 452 338 488 472 
267 93 
112 28 
108 253 273 299 464 
51 91 
146 155 191 18 
423 163 347 133 
128 226 311 
5 54 
21 386 195 292 175 
394 280 89 
185 275 399 413 168 
153 368 
327 383 
278 396 
300 283 
31 20 
405 308 
486 247 
99 433 196 250 484 
169 200 
30 15 
345 65 
420 373 
240 48 
425 478 166 
271 46 
217 421 
131 142 
491 377 
329 407 
214 39 
42 302 
304 487 431 
236 233 
312 115 176 277 8 
19 80 
126 199 251 16 
101 315 
439 447 
11 322 473 
468 450 
313 402 45 181 82 
70 37 
204 414 461 207 
378 224 211 
111 139 
140 229 
212 427 
130 74 
335 482 
243 4 
154 138 
449 444 
305 25 326 438 132 289 
296 165 
351 244 426 118 262 476 69 
324 458 
485 411 
293 451 
227 389 446 222 
238 38 
284 119 463 
330 493 474 
114 67 
469 228 
259 127 
6 59 
143 0 
160 361 
152 220 379 
179 346 
369 122 
445 417 
387 124 
47 342 
349 147 255 459 
412 309 
156 334 
376 263 337 
492 416 
363 68 430 60 
480 364 
395 467 
381 230 
481 409 
177 428 
432 437 
392 72 
83 371 
489 367 
470 374 
285 429 
164 496 
32 355 
380 246 
134 321 494 
310 495 462 
u500_12
 obj=   200   1
187 288 
238 227 
57 25 
107 111 
114 483 
43 37 
116 52 
357 348 
156 68 
264 161 
485 411 15 
376 466 104 385 
374 475 158 77 399 
99 307 373 177 70 
95 22 
480 242 
153 149 
175 326 
341 143 199 198 
226 425 
459 93 121 172 476 
132 134 
144 318 394 41 
257 339 
154 253 324 438 263 
244 82 
64 2 
180 214 338 108 
209 224 
461 110 304 0 
386 290 
486 309 
171 287 195 123 
401 157 
421 456 8 
75 13 
355 128 479 
62 89 
118 178 
60 7 
350 170 248 306 145 
400 146 
328 141 26 470 
159 345 455 3 
72 126 
322 395 31 
495 218 
185 188 
246 189 
477 464 
100 200 192 428 
87 136 
275 182 343 
274 276 
40 78 
217 327 
368 292 
294 45 219 
363 405 
16 196 282 
241 279 408 12 73 
406 297 
499 233 488 
35 55 
11 30 
315 61 
254 378 
375 301 
168 190 
379 420 
98 1 
398 314 
268 223 
34 369 193 
491 150 235 
66 102 
252 9 179 
450 412 286 
101 120 
295 138 277 389 293 
67 353 
59 83 
273 493 
24 261 
467 441 
109 490 
413 71 173 329 29 
333 239 
220 131 
86 174 243 436 
391 256 
228 344 
222 462 
334 208 
169 390 
148 32 
454 384 119 
197 494 
23 125 
482 272 
49 204 449 140 
442 335 245 269 
105 473 
283 380 
426 325 469 165 
310 46 
489 443 
323 285 206 377 54 
481 362 137 
336 381 162 
127 225 
155 47 
183 416 
51 81 
447 216 
6 313 372 21 
433 409 
203 186 
423 407 
251 270 410 351 453 90 
230 166 302 
194 167 
471 94 
88 281 
84 430 
361 424 265 58 
402 366 
415 18 
492 478 
267 278 
352 448 
458 247 
124 451 
452 349 
289 445 
139 39 
417 404 
65 308 117 130 
371 364 
250 497 
330 432 
298 437 
312 439 319 
284 396 181 122 215 76 
403 457 370 
96 422 472 160 
79 163 
14 211 80 142 
201 202 
237 468 
431 236 
280 74 
133 103 
397 414 207 
460 213 152 
33 42 
296 17 
5 106 
221 305 
115 27 
240 435 
56 53 
85 92 
234 320 20 
291 50 
300 342 258 
232 358 
229 299 
266 69 
255 135 427 
176 48 
4 10 
303 367 
249 347 382 
260 210 151 360 
317 112 
321 63 164 44 
28 36 
129 113 
191 38 
444 419 
387 434 
212 484 
393 440 
354 311 
316 418 
271 259 
346 337 
487 465 
205 463 
498 97 
340 392 
359 262 
365 332 
474 446 
383 19 
429 231 
147 
331 496 388 
184 356 91 
u500_13
 obj=   196   0
45 30 
63 48 
81 140 
232 161 
262 257 
292 374 
358 469 
172 118 
205 25 
398 157 
109 11 
239 41 
390 50 
67 87 
148 105 
184 165 
187 342 
333 408 
134 54 
226 201 
180 58 
375 351 
467 461 
163 176 
183 204 
209 380 
68 16 
194 28 
200 74 
493 237 
53 26 
128 326 
166 350 
168 361 
240 407 
269 433 
60 49 
195 62 
220 125 
117 154 
255 162 
307 190 
417 236 
458 382 
0 37 
364 133 
7 83 
132 231 
191 250 
277 286 
314 371 
100 104 
441 131 
481 151 
112 139 
192 275 
193 280 
283 483 
18 107 
94 147 
177 152 
297 295 
313 400 
114 40 
169 19 
270 24 
224 159 
491 175 
22 5 
56 142 
308 346 
355 462 
23 69 
126 287 
156 395 
216 412 
249 436 
4 57 
430 305 
484 347 
52 141 
149 241 
225 384 
320 426 
428 489 
90 137 
129 206 
218 389 
271 446 
108 264 
279 332 
362 456 
468 490 10 
387 495 1 
167 411 230 
487 356 303 
388 397 71 
208 290 86 
336 341 212 
222 8 299 38 
92 334 64 164 
116 130 325 256 
289 111 189 12 
115 210 252 13 
214 272 51 127 
470 93 309 35 
88 97 381 29 
306 403 36 203 
419 464 354 61 46 
344 20 202 273 44 
243 363 301 98 181 121 
475 465 207 494 197 480 
188 171 
113 298 
47 414 486 324 448 
304 267 80 
73 319 409 485 84 
110 339 318 401 55 
227 158 317 82 213 360 443 
463 473 296 101 
416 291 378 471 223 
476 492 146 
106 391 442 
70 479 102 435 460 
244 323 42 310 
349 123 452 274 268 
91 185 
369 457 
173 322 
368 499 89 337 
96 150 
265 440 
329 219 
6 155 
429 39 
33 59 
281 211 
77 311 343 34 
99 254 
43 3 
438 293 
415 472 21 
385 138 
66 27 
14 32 
76 78 
302 425 
258 376 178 372 
186 234 
31 17 
120 406 
366 449 
282 260 
379 353 
413 217 
144 153 
179 199 
2 65 
373 474 
122 367 278 422 124 
447 421 478 
229 245 300 
294 466 327 423 
79 328 174 410 
459 420 335 
453 135 331 
498 85 
9 404 145 196 
284 454 
445 276 359 418 
455 357 
439 170 263 312 
482 95 
119 251 392 496 488 
386 198 
399 228 
405 352 
136 315 238 
253 451 
477 259 
497 330 
348 377 450 
246 321 383 285 
266 103 
221 437 370 
261 233 
424 393 
434 288 
72 345 402 
444 143 
340 75 431 
235 15 160 242 
248 394 
338 432 247 316 
182 427 215 
365 396 
u500_14
 obj=   205   1
97 38 
195 168 
432 338 
173 154 
332 189 
28 20 
66 207 
185 247 
383 79 
19 85 
279 204 
3 113 
17 206 
199 240 
216 214 
230 218 
250 241 
160 272 
194 87 
181 106 
318 120 
441 243 
257 139 
83 30 
110 102 
77 25 
129 144 
348 398 
406 431 
436 112 212 6 
198 366 21 125 
404 70 374 31 
149 178 476 0 
310 386 
213 456 
5 34 
48 111 
277 417 
462 473 266 454 
493 219 342 303 
53 226 
425 459 
101 109 
119 104 
415 301 
293 200 363 126 197 471 
153 145 
280 484 
26 138 
376 465 
29 9 
481 304 
245 419 
61 399 183 381 22 
201 47 
68 343 
445 446 
92 123 
451 210 100 10 
128 141 468 
43 405 355 
108 193 
232 88 130 239 336 437 115 
146 169 
192 217 49 235 
248 317 
307 480 
172 285 
223 148 
133 339 
251 264 
410 390 
327 421 315 220 
155 367 
1 107 498 162 
205 86 
306 273 
84 91 
117 132 
269 393 475 90 
202 41 
389 492 
16 135 36 60 
221 263 
452 337 
354 382 369 175 
368 209 
423 412 477 
143 203 
176 402 463 
124 134 
35 344 489 244 426 
167 227 
375 449 
469 384 
334 131 
254 255 
98 136 
490 330 370 
261 158 
440 275 105 
171 486 93 222 
44 224 497 
238 358 
433 288 
114 319 
323 326 
289 191 325 
291 491 
52 177 
69 349 140 352 186 
335 300 
8 51 
24 27 
95 401 157 65 
353 438 
422 444 
359 211 
58 371 283 392 407 147 
67 364 59 361 
215 253 
309 165 299 
2 55 
439 450 40 
488 271 
380 430 
320 71 
302 333 
164 296 
196 427 
297 286 274 
424 394 
265 298 
7 159 
457 388 94 
435 294 
23 184 249 13 
96 103 
39 45 
82 12 
80 63 
314 246 
151 350 
179 362 118 312 142 
208 180 
14 46 
57 73 
237 236 
391 163 
341 487 72 
54 174 
121 420 156 499 32 
372 434 89 461 
395 278 
78 225 478 
268 252 
182 329 
18 15 150 74 
472 411 
305 495 
259 4 
360 81 396 37 
453 64 
276 443 467 
458 234 
311 292 
284 161 
409 347 
479 316 
483 373 152 
470 397 
287 190 
166 321 
414 455 
267 50 
331 42 
464 76 
448 379 
282 137 
385 346 
494 258 357 340 
242 447 
170 328 
11 228 
403 387 
116 496 
378 485 
474 260 
295 429 
460 324 
56 482 
322 400 
413 290 
281 408 
345 270 
262 466 356 418 99 
256 188 
377 122 
416 365 
231 308 
229 
187 127 
351 75 
33 62 313 
233 428 442 
u500_15
 obj=   202   1
272 12 
317 64 
17 21 
409 169 
49 84 
377 28 
24 106 
214 193 
163 57 
340 188 
292 286 
491 403 
111 230 
72 56 
38 110 
406 248 
0 155 
351 471 
203 208 29 
210 303 
357 302 
321 162 
241 227 
16 33 
396 184 
346 305 
51 316 423 13 
153 226 234 
144 77 369 373 61 
486 186 
389 335 
8 23 
494 399 483 19 
41 154 
425 26 276 25 
120 68 
239 48 
6 356 262 419 114 
297 243 
238 134 
379 363 235 245 
133 145 
324 435 202 3 
164 289 
75 211 
306 395 
150 157 
76 156 
453 487 328 278 
187 360 
82 253 
94 228 407 
34 42 
469 492 83 
264 413 
231 493 
179 437 384 393 47 
400 256 388 
378 481 174 221 
282 332 93 
449 99 
348 279 
421 475 7 
442 457 
172 136 
182 414 
223 258 
359 86 
35 14 
268 427 
200 5 
280 445 478 
165 73 
257 283 
299 285 
498 37 62 246 
140 330 142 
318 440 
300 383 70 
215 255 428 213 
410 485 217 
484 101 312 422 158 
482 338 
336 112 
430 103 
240 181 
309 391 
291 465 470 
50 30 
405 496 
159 341 490 53 
438 269 
307 191 
386 412 
329 198 
2 45 
398 74 
447 468 
185 52 434 
288 446 58 222 
80 149 
147 374 495 160 353 
375 43 331 
71 417 250 
339 476 441 295 
499 376 1 
458 459 439 
219 206 
167 55 
313 275 
81 135 224 170 
195 372 
344 392 
212 201 
472 128 431 89 11 
296 308 168 63 
266 371 
176 320 
424 131 411 
354 364 310 
98 220 69 127 91 
125 342 
65 90 
315 148 
100 10 
102 118 
460 138 
175 242 
249 229 
194 455 
146 117 
15 196 
95 92 
489 347 
225 244 
96 381 277 22 
32 177 
151 265 
326 418 
31 78 85 132 
87 237 
39 293 
345 298 
119 349 
121 294 9 115 
432 311 
267 88 
139 199 
281 450 143 
108 116 
274 480 
368 247 66 173 
426 97 
36 141 390 18 
190 361 
60 171 
192 197 
124 152 
461 474 113 
367 334 443 129 
20 137 
387 433 436 4 189 
287 44 479 
180 107 314 
27 59 
444 463 
385 350 
216 123 
270 271 
209 178 
420 79 
397 130 263 
333 233 
122 352 402 
46 109 
126 284 
205 488 
394 429 
207 477 
380 464 
415 254 
401 166 323 
183 322 382 
67 404 104 358 
251 325 
451 327 
454 497 
290 105 
260 301 
473 236 
204 337 54 
462 343 
456 161 
365 40 
319 232 
466 362 355 
452 366 
218 
252 467 
448 273 
261 370 416 
304 408 259 
u500_16
 obj=   203   1
157 108 
454 414 
30 480 
122 149 
337 261 
29 292 
139 461 
96 20 
220 52 
399 198 
17 211 
13 169 
133 177 
373 209 
240 94 
481 167 
117 59 
322 239 
401 403 
137 23 
202 0 
25 102 
298 163 
67 54 
352 193 
456 210 
320 76 
397 109 
488 294 
6 82 
9 87 
138 424 
150 79 
200 107 
260 282 
275 317 
295 356 
313 413 
32 12 
64 184 
60 39 
341 140 
375 302 
36 26 
151 33 
194 213 
301 181 
496 257 
45 72 
129 141 
283 286 
22 164 372 57 
351 234 309 118 
440 8 392 105 
91 42 85 131 
158 270 408 147 
115 345 43 281 191 
77 21 
206 185 
389 364 
396 463 
126 135 
409 199 
466 367 
458 238 475 426 385 411 
278 88 384 112 321 315 
266 365 175 83 
224 471 165 325 468 
159 342 455 
353 306 
360 171 
331 422 53 80 
48 470 
37 245 
412 192 
58 296 
293 485 
391 344 228 
274 136 216 
207 187 335 300 
106 35 
219 203 
183 168 
3 154 
334 462 
24 343 
120 46 
217 142 
390 71 249 11 34 
104 489 
451 387 
394 487 
153 231 61 103 299 173 
435 212 100 14 
56 44 
346 307 
229 418 
222 119 
374 359 86 405 269 
246 65 
146 111 
110 55 
452 316 483 
404 457 
459 324 347 
362 218 
7 2 
263 188 
436 160 494 237 
178 16 
63 280 84 430 
223 221 
74 176 421 
255 161 
465 431 
363 493 
444 486 
134 419 
170 41 
472 386 
31 128 
236 474 201 73 
28 442 
121 490 
464 285 
156 250 
434 383 
305 415 95 208 
395 251 339 361 
47 329 
143 78 
482 248 479 75 
469 162 
113 297 
460 467 
62 38 
225 190 
371 438 
289 388 
196 379 
354 416 
90 377 268 
204 338 277 
378 402 
381 51 132 
27 182 
101 10 
478 242 271 
227 420 
406 495 
453 358 
125 68 304 
443 258 
40 244 
254 333 226 70 180 
1 172 
291 152 
423 99 427 
393 214 284 312 380 265 
5 98 
425 376 259 89 323 445 
366 195 
473 340 290 
267 433 
69 18 
368 179 
449 256 
308 235 
233 81 
328 186 
19 264 
243 144 
447 318 279 350 148 
241 326 
166 357 97 
49 330 
428 441 197 429 
314 252 205 
189 123 319 66 310 
4 92 
124 247 332 
446 114 
437 130 
432 382 
369 477 349 
450 410 288 
127 417 
93 155 
448 116 492 
439 15 
215 253 
336 327 
398 276 
400 355 
491 497 370 
230 273 287 
407 
145 498 
272 303 
348 476 
311 50 
484 499 174 
232 262 
u500_17
 obj=   199   1
29 48 
119 297 
316 365 
175 59 
425 362 
204 122 
446 211 
202 38 
215 464 
485 278 
432 373 
479 226 
164 223 
129 235 
200 74 
104 165 
471 186 
363 179 
31 213 
79 68 
333 241 
345 488 349 303 
288 243 495 319 
50 444 70 157 
178 255 
110 21 
49 87 
397 238 
183 251 
407 322 
117 90 
20 231 356 3 
283 206 
176 227 
279 396 54 131 
166 75 384 
280 156 
301 494 
152 423 
491 304 296 394 
336 466 468 
16 159 43 329 144 
32 55 
253 310 
286 434 
335 167 267 350 490 
262 115 
168 472 
410 493 
492 57 136 44 
14 106 
222 130 169 140 
210 132 
172 118 
311 476 377 247 
375 69 390 80 
400 108 430 193 
448 196 422 
195 105 
261 435 205 232 306 161 
10 8 
86 139 
293 487 
141 366 
281 455 
77 36 
52 5 
101 374 
173 282 
112 37 
203 30 
276 351 
457 404 
242 392 6 12 
188 268 
163 438 
340 368 
88 113 
133 111 
233 383 
160 428 
35 109 
98 39 
148 389 
103 271 257 477 
197 51 214 347 
182 73 
99 207 341 458 480 7 
291 387 
285 367 451 372 
289 192 
125 92 
150 420 
23 180 
134 381 
355 107 440 
483 15 418 170 
419 250 
324 185 443 248 
299 208 
121 364 
376 61 266 405 28 
277 401 
393 358 
53 137 218 58 
153 138 
424 114 263 
437 334 
158 47 102 95 
18 219 
317 126 
332 194 415 
354 94 
81 116 
431 308 
82 9 
224 127 
4 91 
234 439 
128 62 
473 411 
187 382 217 
34 89 
100 162 24 1 
258 85 450 
318 498 56 40 
221 429 
11 0 
240 343 225 
474 331 
212 220 
60 399 
201 123 
154 386 
256 191 379 
454 198 265 
307 470 93 
254 344 
325 361 
442 348 
475 499 
426 13 
346 260 388 236 
406 284 459 
321 184 380 97 
292 339 
496 328 239 
273 259 
230 302 181 461 33 
352 151 
463 17 275 145 
65 96 
486 371 46 
42 67 
421 174 
445 460 
171 142 
353 269 22 320 
417 309 143 433 
76 64 
27 287 481 83 63 
41 135 338 72 
290 300 395 
19 84 
216 155 
2 26 270 
469 272 453 
209 456 413 
199 228 452 177 
149 244 
189 66 
229 465 
45 120 
78 414 
398 447 
330 412 
314 385 
408 441 
449 326 
327 436 
409 478 
416 245 
315 337 
305 237 
294 391 246 
402 360 
190 497 252 
427 124 
264 467 
249 312 
25 462 
274 482 
147 
370 146 489 
484 359 
313 323 342 
295 71 
357 369 378 
403 298 
u500_18
 obj=   202   0
357 492 
265 269 
155 31 
495 305 
193 380 
25 38 
33 92 
24 216 
332 162 
30 133 
194 373 
278 104 
481 197 
296 73 215 99 
400 489 74 176 
363 416 
299 259 
389 51 
16 89 
6 95 
152 120 
444 83 427 388 312 113 
390 396 358 86 409 
454 0 366 96 
8 32 
470 300 441 331 2 
188 70 
69 179 
48 4 
88 313 
250 35 
472 463 
146 128 
47 94 217 3 
18 61 
391 175 451 160 369 
335 428 
252 147 
471 260 
311 200 
271 478 
178 206 
223 302 170 
54 361 
415 13 105 
60 103 
124 80 
321 334 
425 186 333 
22 41 
72 191 
394 499 
424 181 
273 154 
304 45 
39 231 
236 382 
43 85 
212 148 
81 151 
422 207 374 
261 266 
208 381 
29 27 
204 430 
172 404 82 65 
177 294 
101 281 
267 240 
258 468 
122 359 455 53 
264 462 
102 393 456 337 
12 362 
398 283 210 68 
75 19 
192 406 
37 119 
195 446 
134 28 23 
377 150 498 
218 221 
79 97 
496 280 
251 306 
91 291 
293 232 
253 190 
17 109 183 11 
144 90 135 467 
295 245 77 
338 397 
239 225 
123 287 
379 298 
323 434 
136 408 
143 106 
63 9 
276 107 67 
174 205 
412 327 371 
263 497 57 
153 14 
346 479 319 203 238 
343 118 100 
372 316 145 
201 449 
131 220 
292 490 
93 157 
169 399 329 
227 466 383 214 
445 349 
365 71 
417 475 87 
284 443 26 
401 485 
226 403 
173 353 
78 49 
171 256 375 58 
320 228 139 
272 420 125 352 108 
279 341 317 
344 301 164 
44 308 
367 356 348 
270 10 
180 211 
114 241 
255 347 
64 219 
62 233 
290 482 
405 243 
50 141 
166 345 
20 15 
36 46 
98 158 
110 318 
52 21 
161 159 
111 40 249 324 
140 117 
385 235 
246 189 
342 167 
165 242 
297 350 
5 168 
414 285 355 419 
452 487 384 262 
339 288 336 
277 480 
429 488 
66 282 
42 230 315 411 
142 127 
392 459 448 
491 435 
368 423 
387 464 
360 149 
494 402 
439 461 
130 458 
486 460 
307 433 
351 442 474 
112 275 473 163 
198 185 483 257 
437 56 224 184 
476 196 328 453 
248 421 234 303 
378 465 
436 418 
132 322 
340 34 431 
222 450 
55 370 
138 209 199 438 
182 156 
121 376 
1 202 
126 330 457 
440 268 
116 286 
229 410 
469 247 
314 413 
187 484 115 309 
59 244 274 7 
447 354 76 
364 310 137 
213 395 
289 129 
386 432 
237 407 
326 477 426 493 
84 254 325 
u500_19
 obj=   197   1
26 152 
71 290 
344 483 
141 223 
163 327 
127 102 
34 8 
58 148 
250 347 
239 441 
93 321 
230 384 
104 136 
128 308 
236 288 
224 320 
107 434 
209 262 
241 488 
426 87 
140 106 
391 490 
44 242 305 45 
211 382 443 3 
265 372 
293 132 338 403 
194 359 41 
319 64 
420 5 131 177 
235 390 203 470 
231 334 232 345 315 
74 184 
361 479 
269 436 85 149 
253 363 
444 487 
225 318 
351 482 
99 62 
207 237 65 325 16 
2 485 172 123 
185 448 57 
129 84 
42 9 
82 183 
449 191 
83 103 
189 32 170 468 200 
422 459 92 193 
79 415 199 266 70 
204 90 
466 271 477 
135 95 
355 188 
147 408 
276 337 469 61 
15 7 
12 40 
46 217 
471 330 
375 486 
186 360 
492 49 38 
174 452 182 
154 143 
114 139 
160 31 
198 371 23 196 
97 427 
467 248 55 
440 352 
116 47 
291 421 218 246 10 
423 22 216 257 
122 294 397 35 
115 233 
346 478 313 
36 113 
121 252 
322 446 328 1 
94 296 
240 392 
50 28 
280 353 
499 11 260 221 
146 0 
53 366 165 
219 437 
68 78 
17 69 278 13 
343 213 
317 105 
342 238 
29 176 
354 358 
273 383 
195 137 339 4 
289 229 
59 208 
249 379 
120 370 
201 462 228 
66 187 
256 496 
243 418 
299 456 
77 86 
75 369 
357 429 
51 463 453 
89 279 
112 295 348 404 73 
227 424 
394 473 52 222 
312 493 
365 63 
206 495 
173 386 
37 205 
261 362 
465 285 380 27 
157 20 464 171 
158 292 
153 234 
181 81 
476 111 255 389 
309 350 
416 215 
374 454 
364 310 349 
100 287 
425 245 
388 428 283 
25 178 
458 192 270 159 
329 210 
118 281 
326 474 
410 393 
67 18 
412 284 
33 202 
332 151 
340 125 401 162 175 
150 377 
155 306 
244 54 
110 190 
302 356 
447 43 307 144 
14 30 
130 341 108 438 
167 417 
432 406 
304 431 
134 166 124 442 39 
117 251 331 461 91 
396 133 399 24 
274 402 
457 142 6 
101 80 
455 300 98 
156 259 
385 323 
400 258 439 138 272 
145 324 
212 164 
275 398 254 
180 419 60 169 
481 433 
472 489 
311 435 19 179 
168 430 
96 267 
333 197 
220 119 491 376 
264 335 
484 475 
109 314 
282 21 
494 277 
409 413 368 
451 411 
126 378 
268 48 
367 395 
263 414 88 
498 72 
336 405 
247 214 226 
497 298 
381 460 
161 407 56 
373 450 286 
387 316 
303 480 297 
76 445 301 
